9789500209861;2
9789500212953;2
9789500212601;3
